2.477701 2.400085 2.558677 3228.411495 17745.268012 0.496081 8.311546 13.818127 12.360404 5.000000
2.023413 2.625023 2.114450 2682.387917 14231.646462 0.454829 10.021949 14.304481 11.006819 5.000000
2.273266 2.894611 2.528184 3300.112960 13541.666337 0.462439 11.872170 14.448584 12.064069 5.000000
3.831824 3.294501 2.104867 4312.755047 18887.933980 0.373000 11.465616 20.539271 16.717666 5.000000
2.771931 2.817638 1.984116 3982.564595 13824.172421 0.505820 10.471593 15.829954 13.971858 5.000000
2.562758 3.339413 2.517194 4216.256638 12591.055615 0.470535 9.785419 15.365018 16.950364 6.000000
2.640261 3.059385 2.983566 3862.002891 14240.264699 0.414269 11.896970 17.098727 14.496930 6.000000
2.883066 2.641953 1.859565 3412.826096 15408.339251 0.431808 11.519021 15.183437 13.548650 6.000000
2.334474 2.847084 2.218148 4003.009321 13342.227626 0.500233 10.518589 16.592314 16.072822 6.000000
2.101941 3.033863 2.597406 3421.189135 15370.630786 0.582416 11.645402 8.588287 13.593471 6.000000
3.290244 3.187267 2.190235 5382.584493 15080.207363 0.507595 8.586914 13.557736 15.897326 6.000000
2.413768 3.390300 2.284358 4005.569922 12057.252398 0.458916 12.585926 18.415617 15.802231 6.000000
3.767190 3.148592 2.840509 3250.594357 16874.524075 0.357141 8.861263 14.298627 19.097018 6.000000
2.191345 2.335233 2.072394 3001.282195 11544.663133 0.478689 11.874125 10.838868 12.053072 7.000000
3.026629 3.491236 2.889802 4028.528673 16735.785656 0.293742 10.248934 16.458350 16.393811 7.000000
2.603705 3.199970 2.733769 3157.815738 12486.069291 0.526043 11.455216 14.544225 16.556798 7.000000
2.208083 3.224648 2.152657 4050.923223 15421.316229 0.405115 11.320831 15.764944 16.629965 7.000000
3.079693 3.022342 2.996415 3597.311779 15504.076831 0.399265 11.051125 12.651208 17.596072 7.000000
2.718539 2.904507 2.582542 3967.612344 16345.507494 0.501700 10.870310 17.026648 15.742524 7.000000
2.049575 2.058142 2.071339 2696.883924 11598.952868 0.544895 12.938129 11.115149 12.149233 7.000000
2.528786 3.229733 2.701953 4384.927898 13398.435262 0.434595 11.649815 16.690559 12.835513 7.000000
2.027460 2.496430 3.018253 3673.082288 14906.814252 0.363171 13.961374 14.321157 16.812025 7.000000
2.674971 2.578550 1.820827 2910.770084 13446.306161 0.473796 11.370008 13.483255 10.552881 7.000000
2.541786 2.830731 2.526207 3457.250671 10878.969291 0.532603 11.853089 16.223366 11.670686 7.000000
2.125563 2.544267 2.200930 3673.774041 12577.368676 0.434975 11.837340 16.000754 10.181688 7.000000
3.252960 2.556299 2.028502 3597.362446 11876.750419 0.624472 11.005628 13.103654 13.636820 7.000000
2.123459 2.410239 2.254682 3624.842184 13555.702714 0.416584 11.862256 13.369686 12.367538 7.000000
2.120620 2.469391 1.892387 3275.961483 12033.870558 0.476551 12.314816 12.432862 12.806707 7.000000
2.580734 3.545198 2.643885 3530.624282 16949.293834 0.324490 11.755611 16.283096 16.298129 8.000000
2.667898 3.067172 2.557112 2951.237223 10699.769271 0.495518 12.611929 16.399180 14.582920 8.000000
2.693613 2.320240 1.720042 4198.620364 14794.680806 0.472831 11.476937 13.991840 11.721434 8.000000
2.715078 2.999905 2.886078 3522.687602 16499.155774 0.445912 10.064895 15.647883 13.657436 8.000000
1.934308 1.989406 1.614263 2512.897144 11928.744522 0.490616 11.572426 9.827604 10.379636 8.000000
2.218235 2.684341 2.418068 4014.615386 14597.887261 0.469350 10.515141 12.531086 16.391499 8.000000
3.015008 3.179100 2.761313 3087.443685 9477.823643 0.460067 8.877232 13.170505 15.941536 8.000000
2.846769 3.130368 2.361698 3031.425490 12870.292734 0.418005 10.500391 14.865718 15.726321 8.000000
2.909893 3.107412 1.970834 4440.321706 10758.749782 0.530277 10.163521 14.355356 15.101051 8.000000
2.373569 3.001771 2.421181 3499.345042 12233.841136 0.517674 12.228218 16.080223 12.416944 8.000000
2.637422 3.118537 2.621271 3513.122191 12718.432543 0.474235 12.349530 16.161904 14.936099 8.000000
2.552034 2.582391 2.450501 3071.099678 13120.918728 0.333985 12.902852 15.319461 17.446443 8.000000
3.130438 3.227895 3.181511 3784.776130 15920.476815 0.354522 15.226708 13.331766 19.303496 8.000000
2.850593 3.018875 2.220807 3058.321832 12826.730807 0.450155 10.098361 13.317469 16.048617 8.000000
2.234343 2.521200 1.870830 2301.320137 9516.366485 0.509829 12.210600 10.627679 13.562053 8.000000
3.021633 2.777991 2.615118 4169.375079 17743.909005 0.361532 8.592351 13.390951 13.547712 8.000000
2.393130 2.916039 2.485321 2665.798845 13468.496797 0.475228 11.231033 16.487297 12.968215 8.000000
1.960750 3.053020 2.271850 3750.014808 17444.688732 0.440512 11.352314 14.238360 19.139235 8.000000
2.997395 2.944663 2.677355 3011.045985 15864.747752 0.542864 10.632999 11.607932 15.279053 8.000000
2.680637 3.332704 2.429119 3409.475590 21142.671913 0.482328 12.431605 14.376985 16.276800 8.000000
2.638386 2.876167 2.597567 3368.190118 9713.652370 0.543994 12.407816 14.934656 12.977669 9.000000
2.375674 2.641514 2.651058 3795.967231 15517.149823 0.517034 9.471686 18.631979 13.481756 9.000000
2.489437 3.331017 2.183870 4128.703191 12111.543091 0.419478 11.667759 17.103316 12.423575 9.000000
2.327258 2.232800 2.220267 2719.962961 12149.137582 0.470761 11.606413 11.342561 11.701567 9.000000
2.528786 3.229733 2.701953 4384.927898 13398.435262 0.434595 11.649815 16.690559 12.835513 9.000000
2.638142 2.844828 2.369754 2288.042926 9412.750833 0.531204 12.573342 14.930267 14.111604 9.000000
3.263429 3.555027 2.322931 5595.903074 14771.088353 0.423310 7.163340 15.891571 17.252502 9.000000
3.517300 3.433514 2.539358 4376.870266 17708.705897 0.346814 8.546311 17.950751 17.186447 9.000000
2.515203 2.926645 2.377037 4325.148174 12880.090478 0.467152 10.323259 18.662414 14.711660 9.000000
2.486773 2.667610 2.161164 3696.116113 14516.193811 0.450417 10.740425 15.507166 12.011049 10.000000
2.041144 2.430329 1.728110 2479.441244 11847.000326 0.487046 11.101145 13.205100 10.948087 11.000000
2.627894 2.831041 2.373111 2821.831311 13915.255854 0.412570 15.406882 13.252611 16.257890 11.000000
2.259443 2.173176 2.218947 3406.299708 17466.245535 0.513178 9.559062 12.156407 14.799569 11.000000
2.734151 3.070673 2.260108 3013.684890 17823.560611 0.326569 9.083512 15.239464 13.851943 11.000000
2.326895 2.896598 2.439889 3502.325730 12308.641597 0.424405 11.945703 15.458472 14.242973 12.000000
2.946510 3.275017 2.590300 3684.391206 14149.511806 0.389531 16.561389 12.296459 17.909331 12.000000
2.356204 2.964814 2.269916 3247.621514 15617.101371 0.516506 9.421137 13.144991 15.140845 12.000000
2.669727 2.814120 2.381378 3326.695171 14737.770649 0.398011 10.545130 12.299663 16.035131 12.000000
2.565993 3.606142 3.018051 4668.052324 14460.189073 0.376083 10.004617 18.063697 14.124827 12.000000
3.011276 3.117975 1.931368 4158.774230 15686.373226 0.435260 11.256355 17.044059 15.965482 13.000000
2.678175 2.677064 2.495873 3305.950181 14751.835993 0.428180 9.681639 11.460120 16.416410 14.000000
2.780842 3.353624 2.985970 945.318892 14464.159271 0.384005 9.012034 16.231020 15.547814 14.000000
2.810401 2.462772 2.569648 3690.464412 15577.771181 0.582639 5.736382 15.316044 14.723440 14.000000
3.072664 3.900799 2.653817 3703.175988 15806.561291 0.276210 9.922202 12.843580 16.702619 14.000000
2.550958 2.992212 2.402365 3318.138737 16518.026126 0.413747 11.853247 17.295579 16.210859 14.000000
2.456360 2.919740 2.016659 3252.940586 10915.939358 0.475399 12.810380 10.960238 13.906511 14.000000
2.387265 1.951295 2.141853 3723.781434 16381.792945 0.564025 12.462849 11.444480 12.477817 15.000000
2.552185 3.100573 2.075648 4649.071121 11560.538175 0.431359 10.656434 17.689050 12.490975 16.000000
2.695077 2.477406 2.437101 3364.811302 12495.938982 0.641691 10.976399 10.364655 18.404349 16.000000
2.345028 2.791015 1.872904 3539.757663 12580.995610 0.472814 9.932151 10.336472 13.275068 17.000000
2.115936 2.685889 1.742990 3242.117329 12165.906399 0.492283 11.074120 13.376974 13.080693 18.000000
2.404458 2.666644 2.246045 4023.493653 14331.599224 0.351534 9.937905 12.922266 12.932886 18.000000
2.886299 3.771177 2.584138 3487.912603 12375.655303 0.367318 11.085368 16.594745 17.554536 18.000000
2.779985 3.427966 2.441614 4225.572310 12300.118621 0.530885 12.619309 12.959302 15.612784 20.000000
2.606093 2.417288 2.351998 3279.058926 15162.271605 0.453952 11.935435 9.885915 17.810975 21.000000
2.566989 2.933247 2.555314 3466.299349 12213.391520 0.454911 12.113163 15.636568 14.412865 24.000000
2.363828 2.466315 2.008407 2445.282881 9986.728364 0.553262 11.172429 11.691623 13.326203 25.000000
2.664515 3.492306 2.315405 3879.709464 13241.902995 0.416704 10.567215 9.841359 16.435107 25.000000
2.472834 2.253640 2.346329 3817.252503 17066.788335 0.320412 10.148001 13.241330 11.100675 26.000000
2.256991 2.025391 1.894560 2478.738782 10068.472561 0.556832 11.643710 8.314126 12.757752 27.000000
2.742721 3.154358 2.418587 2996.741727 12837.311070 0.440267 10.905651 16.142289 15.209622 30.000000
2.405392 2.232992 1.935775 2526.060793 13303.488394 0.502700 11.842176 13.218860 12.377362 31.000000
2.816195 3.394726 2.294004 3774.489118 16106.116709 0.383704 11.237968 14.408955 17.571131 39.000000
1.992175 2.150996 1.718174 2609.893706 12588.661327 0.530512 11.464111 9.459693 12.197026 40.000000
2.837567 3.089082 2.489680 3061.785308 15139.286943 0.394816 11.723999 14.746626 17.078488 42.000000
1.934308 1.989406 1.614263 2512.897144 11928.744522 0.490616 11.572426 9.827604 10.379636 43.000000
2.307165 2.133729 2.011098 3435.377440 15175.295448 0.364025 10.377126 11.268724 10.980865 43.000000
2.084325 2.255303 1.742547 2407.108641 10722.555503 0.500222 11.891513 10.227641 11.970844 43.000000
2.357443 2.500883 2.042059 2479.580123 11124.722758 0.509230 12.545870 13.699168 12.625258 48.000000
2.445946 2.697485 2.039132 2350.640433 11404.578344 0.527549 12.851889 13.901342 13.452103 49.000000
2.137743 2.475764 1.799470 2390.380691 10681.683405 0.498437 11.655873 11.916389 12.255070 50.000000
2.461276 2.382912 2.085522 2375.643317 18032.992158 0.436606 8.409956 10.925639 11.955564 60.000000
